8.541328e-03
9.439706e-03
9.933127e-03
1.003324e-02
9.899195e-03
9.367979e-03
1.121727e-02
9.930344e-03
1.005360e-02
9.974013e-03
1.126809e-02
1.066064e-02
1.103720e-02
1.034151e-02
1.093211e-02
9.586118e-03
1.047483e-02
9.989717e-03
1.042300e-02
1.061625e-02
1.331807e-02
1.269294e-02
1.243275e-02
1.184767e-02
1.103371e-02
1.198320e-02
1.206588e-02
1.085486e-02
1.053828e-02
9.395097e-03
9.667112e-03
9.675729e-03
9.517037e-03
9.734575e-03
1.058835e-02
9.549334e-03
1.141065e-02
9.385730e-03
9.291349e-03
9.448408e-03
1.297042e-02
1.394778e-02
1.233810e-02
1.093168e-02
1.220228e-02
1.186209e-02
1.165249e-02
1.261985e-02
1.036440e-02
1.071172e-02
9.911040e-03
9.959561e-03
9.231400e-03
9.778929e-03
1.064344e-02
1.005437e-02
9.970814e-03
1.004981e-02
1.093109e-02
1.052043e-02
9.664096e-03
1.007121e-02
1.144377e-02
1.198135e-02
9.918245e-03
1.373863e-02
1.314116e-02
9.756161e-03
1.012855e-02
9.336135e-03
8.460079e-03
9.050206e-03
1.130751e-02
8.519247e-03
1.008305e-02
7.292803e-03
1.001375e-02
7.872309e-03
9.774096e-03
9.596549e-03
9.323811e-03
9.762844e-03
1.026583e-02
7.889405e-03
9.634467e-03
9.531850e-03
9.203092e-03
9.530503e-03
8.873260e-03
8.160582e-03
1.285509e-02
1.059209e-02
9.376284e-03
1.188422e-02
9.306327e-03
8.958761e-03
8.316053e-03
9.151241e-03
9.337265e-03
9.921060e-03
1.027829e-02
8.853745e-03
8.826129e-03
1.131549e-02
9.021302e-03
1.036188e-02
1.074675e-02
1.038696e-02
1.129053e-02
1.126468e-02
1.056990e-02
1.066633e-02
1.174220e-02
1.097882e-02
9.807405e-03
9.216452e-03
9.218015e-03
1.038706e-02
1.119949e-02
1.218184e-02
1.363140e-02
1.307257e-02
1.316024e-02
1.082754e-02
9.774500e-03
1.072571e-02
9.345420e-03
1.000238e-02
1.052351e-02
1.014073e-02
1.007310e-02
9.784524e-03
9.356449e-03
9.454677e-03
1.018568e-02
9.572536e-03
1.419976e-02
1.315421e-02
1.324939e-02
1.263791e-02
1.124770e-02
9.365351e-03
9.997967e-03
9.686871e-03
1.079231e-02
1.287066e-02
1.223671e-02
1.223660e-02
1.371214e-02
1.112572e-02
1.098126e-02
1.119061e-02
1.196239e-02
1.087904e-02
1.073472e-02
1.393929e-02
1.194545e-02
1.345224e-02
1.250860e-02
1.404664e-02
1.026430e-02
1.043000e-02
1.005704e-02
1.052926e-02
1.191035e-02
9.613004e-03
1.162111e-02
1.286831e-02
1.213949e-02
1.053161e-02
