9.923295e-03
9.914255e-03
9.467647e-03
9.503466e-03
1.075505e-02
1.119321e-02
1.298518e-02
9.557203e-03
9.305728e-03
1.012391e-02
1.193126e-02
1.186009e-02
9.070599e-03
1.277580e-02
1.126165e-02
9.688921e-03
9.070601e-03
1.046245e-02
1.127027e-02
1.121448e-02
1.127578e-02
1.179456e-02
1.005157e-02
9.079298e-03
9.256241e-03
9.486085e-03
9.541856e-03
9.622811e-03
1.032548e-02
9.041346e-03
9.203146e-03
9.220201e-03
9.882211e-03
1.001768e-02
9.889850e-03
1.033158e-02
1.075407e-02
1.481705e-02
9.775634e-03
1.073049e-02
1.123338e-02
9.986496e-03
1.106688e-02
1.084457e-02
1.117818e-02
1.182464e-02
9.599373e-03
9.455501e-03
9.873042e-03
9.929581e-03
9.938899e-03
9.838254e-03
9.868746e-03
9.604237e-03
9.691389e-03
1.230836e-02
1.049919e-02
1.148082e-02
1.266867e-02
1.210016e-02
2.187365e-02
1.006942e-02
1.744641e-02
9.459508e-03
1.318937e-02
9.589215e-03
9.295551e-03
1.020521e-02
9.203644e-03
9.378755e-03
1.137863e-02
9.000784e-03
9.324980e-03
9.472955e-03
1.013155e-02
1.096653e-02
9.403727e-03
1.020998e-02
1.066083e-02
9.123385e-03
1.212696e-02
1.025640e-02
9.331341e-03
9.685788e-03
1.314801e-02
1.178290e-02
1.219933e-02
9.472605e-03
9.318731e-03
9.126987e-03
1.021103e-02
1.146953e-02
1.088269e-02
1.224327e-02
1.035228e-02
9.701669e-03
1.178846e-02
1.284540e-02
1.211806e-02
9.723901e-03
