1.009041e-03
3.126985e-03
2.639744e-03
3.151726e-03
2.978652e-03
2.826345e-03
3.146208e-03
3.304378e-03
3.827206e-03
4.079995e-03
4.280466e-03
3.038199e-03
3.272836e-03
3.305621e-03
3.468745e-03
3.115686e-03
4.596909e-03
3.929925e-03
4.052191e-03
4.038130e-03
3.879858e-03
2.731994e-03
3.864898e-03
2.715209e-03
3.391798e-03
3.894773e-03
2.539149e-03
2.930163e-03
3.631858e-03
2.972612e-03
4.065505e-03
2.603412e-03
5.188658e-03
3.589432e-03
4.138568e-03
3.540958e-03
5.381960e-03
3.542130e-03
3.865057e-03
3.850748e-03
3.315378e-03
3.113873e-03
3.613404e-03
4.113018e-03
3.800120e-03
3.863126e-03
3.845987e-03
4.690524e-03
2.993738e-03
2.693467e-03
3.406119e-03
3.441072e-03
3.610832e-03
2.527344e-03
3.376017e-03
3.346497e-03
3.805956e-03
3.348633e-03
3.276957e-03
3.583687e-03
3.049673e-03
2.623529e-03
3.744768e-03
4.017516e-03
3.499716e-03
2.916195e-03
3.632582e-03
4.018228e-03
3.500656e-03
4.139747e-03
3.625286e-03
3.375085e-03
3.149254e-03
2.999875e-03
3.710426e-03
3.075518e-03
3.857820e-03
3.299356e-03
3.832341e-03
2.131311e-03
3.809215e-03
4.053678e-03
3.208394e-03
3.162880e-03
2.683060e-03
2.276393e-03
2.361686e-03
3.053732e-03
3.169998e-03
2.647649e-03
3.393180e-03
3.230150e-03
3.136563e-03
3.071833e-03
3.136492e-03
5.097843e-03
3.516412e-03
3.537808e-03
3.788472e-03
4.273837e-03
