1.409564e-04
1.506107e-04
1.508996e-04
1.495316e-04
1.575785e-04
1.452882e-04
1.359208e-04
1.448598e-04
1.361513e-04
1.509652e-04
1.447973e-04
1.651385e-04
1.491764e-04
1.352973e-04
1.463292e-04
1.462288e-04
1.316371e-04
1.664281e-04
1.799753e-04
1.435568e-04
1.440301e-04
1.451149e-04
1.233580e-04
1.180220e-04
1.276269e-04
1.607151e-04
1.453400e-04
1.512895e-04
1.417248e-04
1.483727e-04
1.559954e-04
1.742549e-04
1.584048e-04
1.615825e-04
1.658077e-04
1.607277e-04
1.426587e-04
1.486411e-04
1.555903e-04
1.595235e-04
1.424620e-04
1.476617e-04
1.493597e-04
1.470411e-04
1.591234e-04
1.675012e-04
1.576011e-04
1.514142e-04
1.525316e-04
1.487794e-04
1.538672e-04
1.465082e-04
1.533008e-04
1.592469e-04
1.674311e-04
1.561193e-04
1.506078e-04
1.284451e-04
1.439588e-04
1.670423e-04
1.422429e-04
1.377223e-04
1.509216e-04
1.667223e-04
1.604149e-04
1.549015e-04
1.497467e-04
1.458387e-04
1.466975e-04
1.643505e-04
1.559613e-04
1.440456e-04
1.554737e-04
1.554267e-04
1.719944e-04
1.594265e-04
1.650612e-04
1.525717e-04
1.612391e-04
1.517451e-04
1.488118e-04
1.602941e-04
1.428878e-04
3.010530e-04
1.429026e-04
1.377521e-04
1.466908e-04
1.380877e-04
1.355729e-04
1.562433e-04
1.521878e-04
1.533852e-04
1.460898e-04
1.437888e-04
1.527786e-04
1.612356e-04
1.407452e-04
1.533825e-04
1.742456e-04
