1.819756e-04
1.827607e-04
1.766300e-04
1.827111e-04
1.627696e-04
1.829400e-04
1.668215e-04
1.881483e-04
1.714005e-04
1.599746e-04
1.533637e-04
1.572964e-04
1.622205e-04
1.520474e-04
1.396091e-04
1.381915e-04
1.594362e-04
1.483245e-04
1.579976e-04
1.340990e-04
1.413224e-04
1.590717e-04
1.589026e-04
1.403620e-04
1.898274e-04
1.520798e-04
1.558282e-04
1.785138e-04
1.554108e-04
1.382833e-04
1.607687e-04
1.541586e-04
1.491871e-04
1.665955e-04
1.744311e-04
1.625221e-04
1.768737e-04
1.582072e-04
1.676660e-04
2.085359e-04
1.694965e-04
1.562982e-04
1.717396e-04
1.532438e-04
1.692066e-04
1.580570e-04
1.595402e-04
1.627684e-04
1.860456e-04
1.554179e-04
1.515455e-04
1.647429e-04
1.509855e-04
1.786427e-04
1.724935e-04
1.621265e-04
1.603963e-04
1.763787e-04
2.097266e-04
1.567080e-04
1.969934e-04
1.473320e-04
1.538346e-04
1.575387e-04
1.483932e-04
1.599889e-04
1.993902e-04
1.646402e-04
1.582220e-04
1.559684e-04
1.505978e-04
1.462076e-04
1.495612e-04
1.528504e-04
1.624908e-04
1.522906e-04
1.702983e-04
1.804898e-04
1.755791e-04
1.408291e-04
1.525934e-04
1.640959e-04
2.086322e-04
1.608579e-04
1.594839e-04
1.518729e-04
1.753659e-04
2.200882e-04
1.992183e-04
2.073443e-04
1.763201e-04
1.529734e-04
1.691496e-04
1.519797e-04
1.477687e-04
1.644757e-04
1.854067e-04
2.051382e-04
2.734518e-04
1.726739e-04
