2.904606e-03
4.361278e-03
2.714660e-03
3.095262e-03
3.546378e-03
3.261006e-03
3.529334e-03
3.612315e-03
3.368888e-03
4.456683e-03
3.267671e-03
3.923851e-03
3.027856e-03
3.137183e-03
3.435308e-03
3.439836e-03
4.583221e-03
3.084915e-03
3.236212e-03
3.014482e-03
3.924609e-03
2.651302e-03
3.518473e-03
3.655404e-03
3.303346e-03
3.376588e-03
3.878780e-03
5.457836e-03
4.129748e-03
3.978715e-03
3.510062e-03
3.600342e-03
3.776725e-03
4.089095e-03
3.667593e-03
3.482144e-03
2.614256e-03
3.604828e-03
3.878932e-03
3.227499e-03
3.966390e-03
2.435373e-03
3.452395e-03
3.522980e-03
3.093489e-03
3.889458e-03
3.397410e-03
3.656361e-03
3.861919e-03
3.606658e-03
2.842183e-03
3.607651e-03
3.544487e-03
3.093752e-03
3.559489e-03
2.677504e-03
3.618050e-03
3.236503e-03
3.354745e-03
2.958899e-03
3.758810e-03
3.013209e-03
3.659553e-03
2.920505e-03
3.164806e-03
2.992023e-03
3.555828e-03
3.499922e-03
3.997457e-03
3.314121e-03
2.964297e-03
3.015863e-03
4.252310e-03
3.404433e-03
3.106158e-03
4.105125e-03
2.768519e-03
2.453718e-03
4.077559e-03
3.137041e-03
3.946331e-03
4.977402e-03
3.543526e-03
3.592908e-03
3.004037e-03
4.191253e-03
4.211583e-03
3.984118e-03
3.611899e-03
4.052335e-03
4.469198e-03
4.034139e-03
2.954686e-03
2.398812e-03
3.113265e-03
3.131090e-03
3.472899e-03
3.176240e-03
2.866182e-03
3.991268e-03
