1.287560e-04
1.445308e-04
1.378791e-04
1.366472e-04
1.421423e-04
1.423683e-04
1.352022e-04
1.399698e-04
1.449678e-04
1.385458e-04
1.251326e-04
1.445601e-04
1.271057e-04
1.386013e-04
1.340001e-04
1.978605e-04
1.167259e-04
1.309297e-04
1.400084e-04
1.476381e-04
1.398568e-04
1.363840e-04
1.543386e-04
1.468103e-04
1.402309e-04
1.449554e-04
1.445072e-04
1.349156e-04
1.673343e-04
1.545234e-04
1.662064e-04
1.510165e-04
1.431489e-04
1.662059e-04
1.385152e-04
1.491430e-04
1.481321e-04
1.516845e-04
1.456721e-04
1.519699e-04
1.691816e-04
1.423264e-04
1.643653e-04
1.462281e-04
1.448848e-04
1.670582e-04
1.519070e-04
1.466846e-04
1.702576e-04
1.422267e-04
1.618931e-04
1.597438e-04
1.584218e-04
1.486096e-04
1.444936e-04
1.600552e-04
1.689627e-04
1.520710e-04
1.608887e-04
1.596544e-04
1.610727e-04
1.569343e-04
1.427653e-04
1.552954e-04
1.354926e-04
1.513906e-04
1.505237e-04
1.470046e-04
1.604300e-04
1.474304e-04
1.485410e-04
1.476007e-04
1.541390e-04
1.462348e-04
1.768229e-04
1.513805e-04
1.486456e-04
1.523550e-04
1.442022e-04
1.457160e-04
1.419451e-04
1.304998e-04
1.287177e-04
1.285610e-04
1.717362e-04
1.373363e-04
1.419239e-04
1.426344e-04
1.461902e-04
1.469245e-04
1.387882e-04
1.432047e-04
1.968079e-04
1.411586e-04
1.442509e-04
1.306272e-04
1.332409e-04
1.366575e-04
1.489022e-04
