1.847642e-03
4.457145e-03
3.749883e-03
4.424020e-03
5.735143e-03
3.951012e-03
3.862795e-03
2.963202e-03
2.979813e-03
3.359270e-03
4.100861e-03
3.268598e-03
2.916630e-03
5.016979e-03
4.588841e-03
3.614474e-03
4.301624e-03
4.026223e-03
3.736123e-03
3.859643e-03
3.218091e-03
2.939368e-03
3.541855e-03
4.160111e-03
3.203266e-03
2.836254e-03
2.896730e-03
3.137763e-03
2.509886e-03
3.525729e-03
3.093243e-03
3.139580e-03
3.000810e-03
3.391999e-03
3.281143e-03
3.365739e-03
3.207284e-03
3.957975e-03
2.659658e-03
3.303378e-03
4.101465e-03
2.257624e-03
3.219523e-03
4.002512e-03
2.218378e-03
3.219154e-03
4.216157e-03
1.937747e-03
2.070289e-03
2.318619e-03
3.590376e-03
3.823994e-03
2.995042e-03
3.747139e-03
3.667016e-03
3.604296e-03
3.089799e-03
4.665673e-03
4.011533e-03
3.437104e-03
3.335586e-03
3.342036e-03
3.693003e-03
3.069212e-03
3.304424e-03
3.827993e-03
3.200928e-03
2.153174e-03
3.257392e-03
3.710998e-03
4.303198e-03
3.474306e-03
3.420058e-03
3.992509e-03
3.875007e-03
2.690451e-03
3.254891e-03
2.933375e-03
3.742591e-03
3.624297e-03
3.314491e-03
4.227563e-03
2.642511e-03
2.892791e-03
5.507721e-03
6.894632e-03
3.671259e-03
3.369124e-03
2.602071e-03
3.304127e-03
3.232025e-03
3.247900e-03
3.530886e-03
2.795958e-03
2.671129e-03
3.788036e-03
3.921689e-03
3.838521e-03
3.971166e-03
4.227661e-03
