1.886055e-04
2.585583e-04
2.069335e-04
1.962049e-04
2.152431e-04
1.843691e-04
4.316187e-04
2.305324e-04
3.175685e-04
2.323527e-04
2.082953e-04
1.930499e-04
6.412742e-04
1.902506e-04
1.577754e-04
2.147717e-04
2.099874e-04
1.747613e-04
1.690247e-04
1.808202e-04
1.840363e-04
2.040205e-04
1.590588e-04
1.955516e-04
1.652939e-04
1.724432e-04
1.616385e-04
2.144165e-04
1.954472e-04
1.599629e-04
1.779475e-04
2.056146e-04
2.053130e-04
1.816287e-04
1.927209e-04
2.005517e-04
1.796176e-04
1.727061e-04
2.124419e-04
2.059102e-04
2.368765e-04
2.103055e-04
3.944046e-04
1.921837e-04
3.657589e-04
2.905061e-04
2.062380e-04
2.068110e-04
2.918489e-04
3.012862e-04
2.411077e-04
2.974472e-04
2.230089e-04
2.036998e-04
2.057998e-04
2.060404e-04
2.007504e-04
2.204957e-04
2.590914e-04
2.276096e-04
2.203295e-04
2.107100e-04
1.934490e-04
1.883543e-04
1.934106e-04
2.242734e-04
1.769085e-04
1.900787e-04
1.928258e-04
1.994388e-04
2.001107e-04
2.105951e-04
1.873181e-04
1.855609e-04
3.434403e-04
1.634476e-04
2.290092e-04
2.012944e-04
1.917396e-04
1.874006e-04
1.890466e-04
2.269142e-04
1.963375e-04
1.858244e-04
2.065682e-04
1.833901e-04
1.954963e-04
3.304932e-04
1.724396e-04
2.048800e-04
1.877143e-04
1.839700e-04
1.702287e-04
1.926718e-04
1.843004e-04
2.910955e-04
2.012970e-04
2.220097e-04
2.170427e-04
2.453084e-04
