9.959945e-03
1.278402e-02
1.171922e-02
1.173483e-02
9.224843e-03
1.100008e-02
1.166051e-02
1.083370e-02
1.176602e-02
9.791268e-03
9.606809e-03
1.003623e-02
1.039790e-02
1.016197e-02
1.088217e-02
1.097711e-02
1.165229e-02
1.020859e-02
9.816020e-03
1.046870e-02
1.022131e-02
9.514278e-03
1.021084e-02
9.743560e-03
9.563193e-03
1.221439e-02
9.027180e-03
1.026478e-02
9.184448e-03
9.121830e-03
1.029878e-02
9.809516e-03
8.800968e-03
1.007403e-02
1.071826e-02
1.064723e-02
1.232329e-02
1.231068e-02
1.095205e-02
1.131353e-02
1.131139e-02
1.139109e-02
1.117011e-02
1.157880e-02
1.187181e-02
1.244120e-02
1.255198e-02
1.086845e-02
1.042624e-02
1.122307e-02
1.146047e-02
1.107202e-02
1.129593e-02
1.094954e-02
1.060929e-02
1.093074e-02
1.074364e-02
1.137685e-02
1.089719e-02
1.117218e-02
1.065618e-02
1.159960e-02
1.279181e-02
1.211338e-02
1.163443e-02
9.823465e-03
1.320491e-02
1.177751e-02
1.201108e-02
1.088302e-02
1.056533e-02
1.083575e-02
1.174550e-02
1.091219e-02
1.090350e-02
1.153669e-02
1.103687e-02
1.098922e-02
1.125215e-02
1.130046e-02
1.013261e-02
1.251306e-02
1.185458e-02
1.091289e-02
1.044682e-02
1.085060e-02
9.323619e-03
1.045554e-02
9.689546e-03
9.901160e-03
1.024322e-02
9.650464e-03
1.017738e-02
1.026201e-02
1.027999e-02
1.004141e-02
1.076294e-02
1.007569e-02
1.001659e-02
1.048856e-02
