1.480029e-04
1.425138e-04
1.452696e-04
1.597290e-04
1.487067e-04
1.531358e-04
1.362426e-04
1.919992e-04
1.516688e-04
1.683366e-04
1.433372e-04
1.376750e-04
1.319058e-04
1.348102e-04
1.356838e-04
1.357603e-04
1.255574e-04
1.321025e-04
1.249158e-04
1.219141e-04
1.377530e-04
1.384814e-04
1.363983e-04
1.370451e-04
1.372311e-04
1.413155e-04
1.400738e-04
1.509230e-04
1.359749e-04
1.356711e-04
1.572030e-04
1.566010e-04
1.866944e-04
1.624730e-04
1.513720e-04
1.464581e-04
1.896698e-04
1.425502e-04
1.410196e-04
1.792340e-04
1.919782e-04
1.428757e-04
1.545861e-04
1.323264e-04
1.786335e-04
1.623828e-04
1.633759e-04
1.635220e-04
1.374211e-04
1.526191e-04
1.323040e-04
1.468019e-04
1.526709e-04
1.969683e-04
1.477487e-04
1.765280e-04
1.445878e-04
1.427822e-04
1.386781e-04
1.393008e-04
1.400847e-04
1.340821e-04
1.487122e-04
1.460938e-04
1.582575e-04
1.372776e-04
1.379905e-04
1.596458e-04
1.564245e-04
1.515548e-04
1.502578e-04
1.532083e-04
1.564467e-04
1.560938e-04
1.513231e-04
1.507955e-04
1.459477e-04
1.589034e-04
1.648090e-04
1.524851e-04
1.525595e-04
1.467004e-04
1.593657e-04
1.552417e-04
1.441822e-04
1.505723e-04
1.373603e-04
1.475692e-04
1.296844e-04
1.408970e-04
2.067578e-04
1.571052e-04
1.411350e-04
1.429961e-04
1.467564e-04
1.540205e-04
1.604824e-04
1.561770e-04
1.493769e-04
