1.448402e-04
1.481526e-04
1.451645e-04
1.429238e-04
1.383083e-04
1.417015e-04
1.506932e-04
1.882679e-04
1.338401e-04
1.395748e-04
1.505339e-04
1.688230e-04
1.750968e-04
1.509104e-04
1.569614e-04
1.290865e-04
1.306775e-04
1.472316e-04
1.587543e-04
1.515031e-04
1.356206e-04
1.273193e-04
1.337676e-04
1.293898e-04
1.336172e-04
1.295483e-04
1.245511e-04
1.353011e-04
1.359136e-04
1.433954e-04
1.371782e-04
1.455181e-04
1.525052e-04
1.639428e-04
1.874018e-04
1.489995e-04
1.665320e-04
1.381361e-04
1.642442e-04
1.629994e-04
1.332343e-04
1.531413e-04
1.559007e-04
1.430342e-04
1.617193e-04
1.559360e-04
1.654971e-04
1.620593e-04
1.594384e-04
1.536646e-04
1.519408e-04
1.370232e-04
1.474946e-04
1.738584e-04
1.492968e-04
1.412868e-04
1.476827e-04
1.424718e-04
1.379707e-04
1.304133e-04
1.578832e-04
1.459808e-04
1.576693e-04
1.365960e-04
1.530881e-04
1.319909e-04
1.726930e-04
1.471679e-04
1.435924e-04
1.451852e-04
1.349268e-04
1.234300e-04
1.309292e-04
1.331241e-04
1.393182e-04
1.410217e-04
1.352136e-04
1.395218e-04
1.514385e-04
1.545346e-04
1.601026e-04
1.476431e-04
1.448617e-04
1.552336e-04
1.454365e-04
1.526625e-04
1.500053e-04
1.464012e-04
1.498742e-04
1.472125e-04
1.618369e-04
1.463416e-04
1.472528e-04
1.427333e-04
1.503117e-04
1.663971e-04
1.439607e-04
1.359725e-04
1.460414e-04
