6.084776e-05
8.670402e-05
6.295586e-05
6.192732e-05
6.987357e-05
6.876588e-05
6.854820e-05
6.359673e-05
7.270408e-05
7.179165e-05
6.616473e-05
6.759191e-05
7.059526e-05
6.587267e-05
6.216335e-05
7.920933e-05
6.619859e-05
6.377912e-05
6.002212e-05
7.024407e-05
6.630778e-05
7.043171e-05
6.978464e-05
7.254386e-05
6.518579e-05
6.882477e-05
6.716990e-05
6.064987e-05
7.289314e-05
6.578660e-05
7.162046e-05
7.166934e-05
7.489610e-05
6.916118e-05
7.269669e-05
6.857133e-05
6.967330e-05
6.473207e-05
7.094026e-05
6.455398e-05
6.702161e-05
6.699991e-05
6.470370e-05
6.032848e-05
7.010603e-05
7.282090e-05
6.687593e-05
6.920147e-05
7.450819e-05
6.273556e-05
7.488680e-05
7.927275e-05
5.901337e-05
7.154918e-05
7.815051e-05
7.131743e-05
7.077670e-05
7.897377e-05
7.131481e-05
7.347584e-05
6.717992e-05
6.481075e-05
7.316780e-05
7.274771e-05
6.877255e-05
6.829476e-05
6.093788e-05
6.679916e-05
7.348871e-05
6.535435e-05
6.559300e-05
6.187224e-05
6.914878e-05
7.609797e-05
7.944942e-05
6.419134e-05
6.344843e-05
6.351566e-05
6.514978e-05
1.264768e-04
6.651706e-03
6.597830e-03
6.738010e-03
6.812119e-03
6.620202e-03
